511
510
507
508
504
503
503
501
505
501
514
508
500
498
500
510
503
506
503
507
501
503
509
503
507
501
511
510
506
511
515
507
509
506
511
509
505
505
508
504
507
503
510
509
501
501
505
512
511
507
499
509
502
511
509
509
511
504
502
503
500
499
511
509
508
510
508
508
515
507
507
503
506
508
502
511
508
505
503
510
510
506
510
506
500
501
507
505
508
510
506
500
508
510
507
509
505
508
504
509
506
505
508
511
510
500
510
504
505
505
503
507
508
513
504
505
512
511
511
510
510
501
502
505
508
503
515
510
511
509
506
499
509
509
510
512
507
505
503
507
509
500
507
508
504
507
506
502
507
500
514
502
500
505
511
502
519
508
511
511
507
507
501
515
497
496
505
505
516
510
509
504
503
500
501
505
508
510
511
506
508
505
505
502
505
513
509
506
501
507
509
506
510
505
503
501
507
507
506
500
514
508
507
507
502
500
505
507
511
510
514
495
502
503
508
504
509
511
502
515
503
512
510
499
506
512
511
510
508
508
503
505
504
510
508
498
507
505
502
504
512
508
504
505
509
509
505
511
499
508
504
503
499
513
510
509
504
514
509
511
502
505
510
510
506
506
508
511
502
510
507
508
502
506
511
508
502
510
502
506
508
509
509
521
504
500
510
509
507
504
506
508
506
511
509
504
503
507
504
507
512
519
511
505
502
504
505
512
508
510
501
506
506
505
505
498
504
510
509
510
510
502
507
504
509
495
511
506
505
506
511
507
505
511
505
502
506
507
504
512
504
510
502
506
506
511
511
507
508
511
503
503
515
502
512
504
501
504
503
509
504
516
505
506
515
505
505
507
499
511
507
508
507
503
502
507
510
509
508
508
507
500
501
510
506
511
509
509
504
504
510
505
499
510
510
503
513
506
500
509
506
503
507
505
508
507
518
513
510
514
509
506
502
504
506
505
503
512
509
501
510
509
505
503
504
508
511
506
500
510
514
506
504
510
510
507
512
507
503
511
509
506
509
507
509
511
508
508
500
503
513
507
508
514
507
510
507
508
508
503
498
509
506
512
505
498
499
505
507
510
507
509
501
509
505
506
510
502
504
505
506
509
503
506
506
496
504
512
500
504
504
505
502
507
496
507
504
511
503
514
504
505
513
511
508
513
506
504
513
509
511
503
506
505
512
500
503
503
507
508
501
510
504
501
515
504
508
512
501
505
501
505
502
504
500
505
501
508
507
503
508
511
501
508
501
504
515
513
506
500
504
502
503
507
507
514
508
503
507
504
503
512
508
501
511
505
510
510
506
502
514
500
503
505
504
510
509
508
503
501
506
511
510
508
500
503
512
507
503
508
507
515
506
508
507
508
502
517
502
506
507
514
507
504
504
503
506
502
506
507
503
518
512
507
502
509
508
514
508
502
511
505
506
507
496
510
505
509
506
511
506
506
504
509
504
503
504
510
503
505
507
505
507
508
514
508
503
503
506
498
506
498
514
500
504
507
505
503
504
509
506
504
503
502
499
510
507
507
506
508
506
504
509
503
494
501
511
502
502
507
503
502
506
506
510
504
507
503
502
503
513
505
507
511
503
505
500
509
507
510
508
509
506
504
512
502
504
503
503
504
506
511
506
510
506
513
505
505
507
509
509
511
500
502
505
513
496
507
509
503
509
507
509
506
502
504
501
505
506
505
510
514
506
503
505
514
512
504
508
504
499
510
506
506
500
509
502
512
507
509
509
497
506
504
509
506
507
498
507
504
499
501
510
510
512
511
503
509
509
507
507
510
500
501
503
507
500
513
507
510
505
503
511
512
506
508
504
502
510
507
511
514
507
518
508
509
501
502
499
507
508
513
504
502
506
508
513
513
513
503
505
500
505
500
499
507
503
506
500
512
510
506
505
510
498
508
508
509
505
494
500
501
501
507
506
502
507
503
507
509
505
499
509
511
501
510
507
504
502
503
507
499
502
504
505
505
506
508
503
507
507
503
500
502
504
509
503
503
507
508
504
503
501
508
505
504
512
509
510
500
501
502
504
506
512
504
504
514
509
512
513
504
508
507
507
509
513
507
498
504
508
506
509
504
500
497
502
507
511
509
508
505
502
508
505
502
510
504
507
505
510
502
507
509
504
513
514
506
507
508
502
507
510
503
506
504
504
505
505
505
511
503
508
504
513
505
500
504
505
502
507
501
503
503
509
505
506
500
501
505
505
503
503
505
502
514
502
505
505
506
504
502
509
505
511
513
509
505
512
505
511
509
500
500
506
503
507
509
501
504
512
506
511
502
497
509
499
508
497
506
507
503
507
511
507
501
504
501
500
503
509
504
502
505
512
499
501
506
510
503
506
510
512
504
510
499
507
507
508
503
510
506
510
506
505
508
508
503
512
508
502
500
508
511
504
513
504
512
504
503
510
510
502
504
503
509
500
511
498
501
505
503
511
503
502
501
508
504
513
504
508
505
510
505
504
507
502
501
518
504
509
499
511
507
510
505
508
506
501
502
503
509
504
500
509
506
510
509
504
503
510
504
507
