503
515
508
510
514
512
509
511
508
512
508
511
510
512
511
506
509
507
520
511
511
513
521
509
517
506
513
509
520
513
515
508
513
508
512
514
514
510
511
520
514
512
510
514
513
512
511
514
506
509
510
517
504
518
509
509
515
513
513
509
516
510
508
509
508
508
513
509
512
509
510
516
516
514
512
511
506
518
510
508
514
504
513
512
512
513
511
511
516
508
513
511
509
512
510
506
511
516
512
515
508
509
521
509
516
508
515
514
510
508
513
509
514
519
510
509
511
509
508
508
508
513
512
507
519
508
518
513
510
508
511
509
511
514
510
516
512
514
513
512
512
518
520
513
517
512
516
515
512
514
513
509
515
518
507
506
509
519
513
505
508
515
512
509
512
508
502
511
511
511
512
513
516
507
514
509
514
513
511
506
512
515
511
507
506
508
512
512
515
508
510
512
516
508
511
514
512
514
515
509
512
513
511
512
513
506
513
518
514
509
512
513
510
507
515
509
515
512
511
513
517
517
512
509
512
509
510
510
512
507
513
514
509
509
506
514
506
513
517
514
510
515
508
514
507
518
511
519
517
516
513
514
512
517
507
510
512
512
514
510
511
511
509
515
511
515
510
509
511
514
511
509
511
511
511
511
512
512
514
513
509
514
508
513
513
514
510
511
511
510
505
511
504
512
509
508
511
508
513
517
510
514
513
514
518
508
516
512
507
509
511
511
509
517
507
509
511
514
507
507
510
509
511
511
513
507
514
509
514
508
515
510
507
513
508
507
513
509
514
510
510
509
511
509
515
513
509
512
512
513
510
518
509
512
501
514
509
513
513
507
507
509
512
509
505
515
505
510
511
515
509
510
505
506
509
510
505
517
512
514
513
518
510
519
515
513
512
506
511
512
502
511
518
509
511
509
513
516
510
515
512
511
510
505
515
512
504
517
517
513
512
516
517
512
513
511
515
516
512
510
511
508
510
505
519
511
517
511
519
513
511
512
508
507
511
508
513
511
510
511
517
505
509
514
506
509
512
508
507
503
513
512
516
506
506
504
515
511
515
515
514
502
505
512
506
504
510
507
514
510
504
507
509
513
511
509
513
507
509
514
515
509
509
514
518
511
512
509
501
511
511
509
513
507
507
512
509
510
515
518
509
513
508
509
509
509
517
505
515
509
514
509
519
507
513
507
512
513
508
509
513
507
508
511
510
510
508
515
510
516
509
511
518
511
513
514
512
510
517
509
511
512
509
509
510
511
512
515
507
508
510
511
503
514
511
513
508
510
515
512
512
513
516
509
515
507
512
511
512
514
515
509
513
512
507
507
517
513
507
508
514
510
510
507
511
513
510
511
513
510
517
505
507
518
510
518
511
515
507
508
508
515
515
509
511
510
506
514
511
509
512
507
506
513
512
510
514
509
504
512
506
510
514
515
519
510
507
507
511
509
506
509
507
512
517
513
515
515
514
516
511
512
506
513
517
508
512
511
510
517
513
510
514
516
507
512
509
512
512
509
509
510
514
511
511
509
512
508
513
515
518
517
509
508
508
514
502
509
517
511
509
512
512
509
516
513
511
511
512
510
511
513
511
518
512
519
517
506
514
512
513
513
509
508
512
513
510
513
507
516
510
504
515
513
509
509
514
519
510
507
516
506
513
506
511
511
519
507
513
513
507
517
511
509
508
510
508
509
517
510
510
509
508
511
513
512
513
508
512
514
511
518
510
516
513
509
510
506
510
510
511
510
510
511
513
520
514
508
513
513
508
508
509
514
510
509
513
511
514
507
509
516
514
507
509
512
515
520
518
510
510
513
508
507
514
512
512
513
509
515
508
510
511
512
512
508
516
512
505
516
507
510
512
511
509
514
509
508
511
511
515
515
511
513
505
514
512
514
510
507
518
508
510
515
509
516
515
515
511
516
508
510
513
515
513
514
511
509
506
515
514
514
516
517
512
512
512
502
519
507
512
512
509
511
513
516
515
511
513
518
506
516
513
506
508
511
512
507
504
513
506
513
512
509
507
511
513
510
511
511
513
508
506
513
511
511
507
509
510
516
510
504
510
509
514
516
508
503
514
507
514
512
512
512
511
512
508
512
508
509
512
513
516
512
513
507
509
513
512
512
519
512
508
513
512
513
504
514
515
508
506
510
505
512
513
515
517
509
511
508
510
516
508
511
512
514
518
512
505
511
511
510
512
505
509
513
507
515
513
511
520
511
508
511
508
508
512
508
508
513
508
509
509
513
512
509
515
510
512
509
514
510
505
510
510
508
514
515
508
509
512
510
512
512
513
514
518
511
