500
505
506
502
500
500
492
501
511
498
498
514
505
505
509
498
495
497
497
499
507
508
503
501
506
495
494
503
507
503
506
507
505
501
506
496
502
505
502
499
503
508
499
498
497
500
494
502
504
504
509
506
500
500
504
498
498
500
500
503
500
494
499
505
501
504
503
498
504
497
504
502
500
501
506
495
497
508
504
504
500
505
504
498
501
501
503
508
506
500
500
513
501
500
503
500
503
506
504
505
499
500
504
497
502
499
502
497
500
501
502
501
500
505
502
502
501
507
503
502
509
504
502
499
495
502
506
504
504
496
501
504
503
507
504
506
503
497
506
507
503
505
508
500
511
498
500
498
502
502
504
497
499
502
506
501
506
501
497
496
500
504
501
496
501
498
502
505
505
507
505
496
507
508
502
505
506
500
506
507
509
503
498
503
499
504
501
497
505
515
499
502
498
502
506
504
505
500
499
495
502
489
498
506
496
493
502
500
496
503
492
506
500
501
497
497
499
501
501
498
507
493
502
502
504
500
494
495
506
500
498
504
503
499
510
497
501
502
509
501
501
506
496
508
502
501
502
501
501
506
502
497
506
502
497
494
501
503
505
499
495
506
510
501
502
493
506
501
502
499
498
499
503
508
497
498
502
498
503
504
495
500
503
510
504
498
499
499
511
495
498
503
505
496
496
500
494
503
499
500
511
499
497
501
497
496
498
505
498
504
504
505
498
508
500
500
501
497
505
500
500
503
500
504
502
505
508
499
505
497
503
501
504
504
505
500
504
507
503
512
495
501
501
501
498
505
503
500
492
494
502
497
500
500
502
495
499
505
505
505
499
507
498
496
500
497
501
499
510
502
498
495
500
506
507
500
507
500
497
500
495
499
499
505
500
505
502
503
499
504
496
500
502
505
502
504
502
500
507
503
501
502
500
503
508
504
499
504
500
504
499
501
501
502
500
499
501
502
506
500
498
504
498
498
516
503
504
500
495
501
498
508
500
501
506
506
499
505
502
500
501
503
502
488
492
493
505
499
499
497
498
498
506
498
501
502
507
504
500
505
504
500
502
503
500
508
506
500
500
504
508
502
503
495
506
502
502
500
505
503
507
500
504
502
505
506
504
501
500
507
506
495
502
496
506
505
505
503
509
503
504
504
507
503
497
507
504
505
503
502
501
500
502
507
499
504
507
507
503
500
496
502
503
505
501
508
502
508
502
506
496
510
497
500
506
501
505
503
503
501
501
500
493
503
498
502
503
499
500
500
498
507
504
500
498
498
504
506
502
499
495
500
503
496
505
503
509
506
498
499
496
498
504
499
501
509
503
497
498
499
502
503
499
496
501
496
504
508
498
497
507
497
504
493
501
504
499
501
496
501
511
501
516
496
499
501
497
505
497
504
504
500
506
505
505
502
497
506
504
499
501
506
503
506
502
504
499
508
507
498
493
508
504
499
496
500
504
495
505
500
497
501
509
505
500
508
494
500
505
504
499
504
504
492
503
503
504
498
497
497
500
500
503
509
500
503
499
498
503
497
500
495
504
500
498
505
511
499
504
497
501
505
502
510
503
502
502
502
502
501
500
499
505
501
503
500
506
498
499
499
503
506
497
501
502
504
502
495
502
507
505
502
497
505
503
501
505
501
497
502
502
501
507
492
500
502
497
506
508
507
495
499
495
501
499
503
503
495
506
502
502
499
505
497
502
499
507
496
498
501
505
495
506
497
504
504
504
504
504
497
497
506
498
502
493
502
504
504
502
503
503
495
505
503
503
498
500
503
497
502
508
504
496
502
498
501
499
504
504
500
512
505
499
504
503
499
505
497
497
505
507
505
504
501
505
503
506
497
497
500
502
496
503
497
508
507
504
503
501
499
500
499
498
508
501
507
500
500
507
503
495
497
501
504
498
495
498
499
496
495
505
500
507
498
501
508
506
505
497
499
499
502
501
500
502
505
498
507
502
506
505
505
501
496
503
501
504
505
500
508
505
501
501
498
505
504
508
504
502
496
503
500
500
502
507
498
496
496
495
504
501
503
500
502
504
508
500
495
494
508
499
501
502
505
498
505
512
507
496
496
503
504
503
510
502
504
497
501
505
509
500
498
497
498
496
496
498
503
499
507
500
503
503
501
500
499
507
508
501
497
501
505
500
501
500
496
505
503
498
495
503
507
506
498
505
508
503
504
501
501
498
505
501
501
508
502
504
505
507
496
501
505
503
498
501
499
497
496
502
505
502
503
506
501
505
509
505
498
499
499
507
503
495
501
493
500
506
506
499
500
504
497
501
491
502
503
504
499
496
498
501
504
507
504
508
498
495
504
